100 2
-44 36
-20 -65
88 -61
-47 32
20 58
-3 47
47 -61
72 77
-35 -3
-22 -52
-18 45
30 49
-33 -24
48 -5
-84 65
18 90
-94 -48
-24 -17
-80 58
50 95
66 -89
-99 8
68 38
93 -83
-71 -95
20 81
5 10
6 -33
-75 39
-27 -6
16 85
38 -71
26 -24
45 63
1 13
26 -88
-16 53
56 69
29 -10
-44 6
-63 17
-64 -91
97 -32
-28 -3
91 -43
27 -48
-30 26
-47 96
-40 41
82 -76
70 54
0 65
-10 82
47 -45
13 97
-97 31
-6 -52
13 46
60 -52
65 -11
-95 -62
56 -32
46 -30
55 28
92 45
-20 -76
26 64
-26 -50
91 12
46 47
17 26
-75 13
-16 87
3 36
49 78
-25 74
-44 76
17 78
78 -14
-48 31
-73 90
-97 -76
44 90
61 14
-96 -53
-92 -63
-65 86
98 1
-77 -66
42 -70
-83 73
-75 -7
-97 87
-69 -63
26 -5
8 -14
66 33
23 87
21 99
67 -15
